80012.16015420535
86873.85751800086
72745.83228510576
75797.2689789025
69517.15369995964
71873.66527501054
68400.16080006101
70038.42468199442
68007.49027901435
69122.73181303442
67830.86087576496
68640.19743588286
67760.80216855455
68338.40923424686
67751.95228733402
68150.14886924298
67751.25291830601
68036.28052262346
67756.9846839782
67960.3544831625
67767.21407850963
67909.87287658137
67775.75486680109
67877.23733139745
67782.67249043503
67855.12554383764
67788.71278194984
67839.99284973944
67793.38465736668
67829.85091863327
67796.87177349316
67822.91431749926
67799.58222759927
67818.09692940564
67801.61111875088
67814.79910068595
67803.09650799757
67812.5136683229
67804.20438418645
67810.9187013777
67805.01829057156
67809.8087648093
67805.61160694361
67809.03363758133
67806.04476549319
67808.48874106992
67806.36052773365
67808.1067700696
67806.58958950524
67807.83802227763
67806.75603603477
67807.64866756074
67806.87646622359
67807.51505674118
67806.96370839285
